# 252
# Cartesian coordinates of each vertex [km]
-1.451108138230052580e+00 1.474106006064491714e+00 9.857339064964785180e+00
6.637337747508956741e-03 -1.730279104385566979e-01 9.626825946713356785e+00
-2.923124640751812997e+00 2.234383262399915540e-02 9.397602908797866306e+00
1.851310776367565580e+00 -1.717739939974027186e+00 9.183574171006297249e+00
-2.387912600104136640e+00 -2.504176031545804815e+00 9.735200803638200284e+00
-3.765777181288389563e+00 1.158145764168876823e+00 9.392409654303873978e+00
-6.135976710515004262e-01 -3.331952170623601273e+00 9.295443641686009784e+00
1.766667469281546721e+00 2.561261739705667395e+00 9.008409391435481695e+00
-9.531535360108311927e-01 4.159538570397556256e+00 8.870958845566825346e+00
4.270794420971109062e+00 2.566465524644061080e+00 8.103852714204361263e+00
4.475058088402756873e+00 -2.022275117841857914e-02 8.166530614613277450e+00
-9.885134320733295343e-01 -5.081254442498756241e+00 7.809341772608846100e+00
1.149125875107222527e-01 5.993055432893201306e+00 7.914934305169346374e+00
4.912050199943103657e+00 -2.178631898462406902e+00 7.962511712444879208e+00
4.114888660980035695e+00 -4.609227388416542226e+00 7.978413209314928700e+00
-6.491772594658884010e+00 8.688918393256666040e-01 7.875628967829024774e+00
5.960199806638706299e+00 2.631422415160338257e+00 7.236699349526542591e+00
-5.091080499309757812e+00 -1.495469681923039307e+00 8.052607028031181002e+00
-7.132975753432526211e+00 1.401975729471591325e+00 7.779531800783668238e+00
2.818974973311482835e+00 5.170635194054626460e+00 7.471203987646869216e+00
-5.241272908880467263e+00 -4.334578805326412265e+00 8.256736479501176618e+00
-6.570679717126588493e+00 -1.250904267947372750e+00 7.736443242858057623e+00
-2.801095847652825377e+00 -5.758986937787500260e+00 8.192509054266260193e+00
1.001231331538565250e+00 -5.592659778829559336e+00 8.151379528232688187e+00
2.611882507756234428e+00 -6.026466932313910618e+00 7.678242362585865344e+00
6.452813133948267499e+00 -3.763028375260901282e+00 7.091957335782278271e+00
-3.788503816339030550e+00 4.923998841516498359e+00 8.017619585938840387e+00
6.709030960294814605e+00 2.255515255215254367e-01 7.146601649527626776e+00
4.070207866913364114e+00 -5.721205524593815817e+00 7.497089395213537344e+00
4.981333831371104637e+00 5.621115974098512602e+00 6.362990073235981647e+00
-7.566285482061167578e+00 -3.114381495441715053e+00 7.607534758586131929e+00
-1.282316144305892136e+00 -6.925133269380587819e+00 7.287732927659048343e+00
6.924914704517465935e+00 4.972532568206974979e+00 5.800259801959174233e+00
-6.582625274953472605e+00 4.194532413971821860e+00 7.029537747192114772e+00
-5.350015011706629409e+00 -5.928841524326742274e+00 7.575606303184964752e+00
4.222505327298143207e+00 6.651570486965635354e+00 6.113020727602171078e+00
2.209149403999396188e+00 7.430658124584327950e+00 6.502372935629499473e+00
6.449893127890480748e+00 -6.386646093218289799e+00 6.119002385823002044e+00
7.775232454939518867e+00 -2.934410020945561914e+00 6.367440031190693794e+00
2.982124787860781279e+00 -7.856287413422619714e+00 6.520539774622613471e+00
-1.043543164694406888e+00 -7.897556799096919100e+00 5.174551413382078024e+00
1.073919401443592658e+00 -7.793578751956927952e+00 6.527744560715559530e+00
-9.317079761233413304e-01 7.612895911331226451e+00 6.910872277021220533e+00
4.238697011339040976e+00 8.070571697613635465e+00 5.778838585134350225e+00
-5.218914994103518445e-01 9.418981839742555096e+00 5.361288948012366440e+00
8.961426987726353488e+00 -1.096218102716936871e+00 5.566489002654945395e+00
7.716782616389153304e+00 2.227798954029091227e+00 6.420274668027094123e+00
5.680432244825329491e+00 6.759286402990976050e+00 5.722548312231940493e+00
-9.149926736226225543e+00 -5.466662575060777379e-03 6.277363453736293231e+00
-8.821367357145641463e+00 3.438440380028327414e+00 5.504519964694795320e+00
9.083495562194245920e+00 1.780952193241679637e+00 5.442062952194962833e+00
1.925971795889459326e+00 9.092677798028137914e+00 5.458103859179748163e+00
-3.347609189990445433e+00 8.678785509159208544e+00 5.726522280051398184e+00
8.656558779221315447e+00 4.219431886846953361e+00 5.220959061651609723e+00
-1.058651196120484173e+01 -2.238890384589844462e+00 5.229883891357608228e+00
9.240144363199034316e+00 -3.661016553017575337e+00 4.981350317109820125e+00
-3.151779036218254060e+00 -7.817013433673121625e+00 6.569795122774091389e+00
-2.145608991820413536e-01 -9.272294895657088531e+00 4.880647315815447307e+00
-3.909565259795883208e+00 9.695410372280425904e+00 4.195403083443989267e+00
-4.947871064074837122e+00 8.463313420671552123e+00 5.191368400862598875e+00
-7.329756285907659041e+00 8.443421550640568540e+00 3.681578047511254947e+00
-6.163897917494913337e+00 5.857276526501763669e+00 6.646008010459482307e+00
4.163530883809285932e+00 -9.301237350284106142e+00 4.765625937536050571e+00
-8.728234498872494029e+00 5.914551587389921927e+00 4.890690322938987755e+00
-9.301479815007136054e+00 -4.893891027122934112e+00 5.348368118616933842e+00
-2.173714816293388807e+00 -9.939880595904858396e+00 4.552851350148946707e+00
4.746772602703625665e+00 9.661716298291134208e+00 4.158445235275562979e+00
-1.281845570224007108e-02 -1.044102266656288869e+01 4.665173528708613127e+00
-1.074870781481652315e+01 3.587968500297725072e+00 3.573484087541552334e+00
1.036259455536748675e+01 3.337440466226242020e+00 3.895213394655150374e+00
6.645934002887175396e+00 -8.187371927195071564e+00 5.091040265967366807e+00
-1.151120634948653354e+01 6.744497116605181475e-01 4.058518705622044642e+00
-6.555259222203551062e+00 -7.904326283644662610e+00 5.260964923759914313e+00
1.096301392299521815e+01 -4.930599525393626892e-01 3.395519374684078606e+00
7.540731578937507784e+00 6.114010890855168689e+00 4.451641298582973860e+00
8.809783664302420547e+00 4.932595627510041325e+00 4.191108574091748196e+00
1.369192013594729307e+00 1.085447450408527637e+01 3.674364984994504812e+00
1.102406463793384894e+01 -3.501746251916404429e+00 3.460265419312647861e+00
6.944765231980398745e+00 7.462273964830804296e+00 4.112016247434818084e+00
9.254011116202299547e+00 -7.407749126558694996e+00 4.442779484273586377e+00
2.433261464723220913e-01 -1.143285241949962305e+01 2.956087214468963609e+00
8.615844112143765443e+00 7.007515455400117332e+00 2.949221840600230848e+00
2.369042960577598222e+00 -1.017509271181520170e+01 4.730498111561015406e+00
-1.606324880173080505e+00 1.053795541049326090e+01 3.917367077903767036e+00
-5.228641107242349761e+00 1.006238412888674461e+01 3.214674362479772451e+00
7.988009284502502361e+00 -8.521034878887220998e+00 3.981092855250054185e+00
4.538437378970496816e+00 -1.085249988452287795e+01 3.084932418231550066e+00
1.029313841648319539e+01 -6.395616400878806118e+00 3.779147772128629512e+00
-8.660907691107073703e+00 -8.670955154530734177e+00 3.639581292093145404e+00
5.683342031889169199e+00 -9.342591092053099899e+00 2.316759365111552338e+00
-1.189511720739275447e+01 2.752930741558001326e+00 2.554811681934314738e+00
-1.268825443881009818e+01 -6.393382420309052794e-01 2.973975733934368648e+00
-1.058369650600731227e+01 -6.165227386652547992e+00 3.258486484038005671e+00
7.007390139234133564e+00 8.435339051840442082e+00 2.167309103246765289e+00
-9.544992458236237098e+00 7.292618495055280370e+00 2.142677003598993934e+00
1.114757925912565462e+01 3.354446353397977365e+00 1.642050256917367390e+00
9.648494041357075446e+00 5.412733931603503912e+00 3.503200395578473181e+00
-1.173542408118980696e+01 -5.830030335687837351e+00 2.457716904429249283e+00
-1.289613100238759458e+01 -3.911039103400514971e+00 2.562583276835300516e+00
9.722470560871599332e+00 -7.894457782969471538e+00 1.747435697293954648e+00
9.975064997368651376e+00 6.046129742823072029e+00 1.778296095922849318e+00
-1.083005340394141314e+01 5.259254772325235194e+00 2.571763028823499830e+00
1.146916399570195111e+01 -6.510597111668070092e+00 2.193871491706827825e+00
-8.232536772427362592e+00 8.489411502333270576e+00 1.007100536666579282e+00
3.850856636435486369e+00 -1.157680659398581646e+01 1.057890748098190281e+00
5.258724446782139239e+00 9.970306039603189063e+00 1.483646021334553033e+00
-6.840884157719918868e+00 9.356584241577566630e+00 2.932040590721055384e+00
-5.984531163139876764e-01 1.156662031844543748e+01 1.231127021837967295e+00
-1.047297128822014045e+01 -8.570966528066636059e+00 1.576158070647238452e+00
-5.125436580348964988e+00 -1.084015095159346487e+01 2.111041144286390558e+00
-6.429985314726774703e+00 9.615559215712623953e+00 1.136011108977887263e+00
-3.142913522077052768e+00 1.091891500306475571e+01 1.754601320835058154e+00
-1.172997504592684059e+01 3.834062069633249692e+00 5.513662123132256898e-01
-1.226163354523063909e+01 2.562757476700460391e+00 7.328733663462386749e-01
-1.299441598800186703e+01 6.841450769227509499e-01 1.265463376369635184e-01
1.107198783547845622e+01 -7.369467287207251083e+00 1.918531793025974430e+00
1.132512480100897001e+01 3.105871035716285533e+00 -1.814562247330973876e-01
-1.288842799240418202e+01 -4.848833386886649777e+00 -2.469642732562030152e-01
7.798919603831057756e+00 -8.275055708307883506e+00 2.552375436390324825e+00
-1.228153489874329551e+01 1.298484299560233257e+00 -4.580533594308888734e-01
1.166012362363449562e+01 8.497670002993370497e-01 7.443113100459325393e-01
1.197364310741490812e+01 -2.134539558545803573e+00 1.136948572969086690e+00
6.360836601783721456e+00 9.348856291220693393e+00 1.290988373627034447e+00
9.831468860431517243e+00 6.220318140873298596e+00 -1.012555966165826549e+00
-1.246714965057176450e+01 -6.703049406846809610e+00 1.738848978996796468e-01
-9.023159823726869533e+00 -9.646739291914251169e+00 -3.641908445614894796e-01
-2.418550031402845857e+00 -1.159098635185369730e+01 6.669078393075102973e-01
1.203557750734213982e+01 -3.956693540219867522e+00 3.634162936312957948e-01
-9.632432683784108107e+00 6.700004103451456139e+00 -1.363513575604503869e-01
-1.029888589220516337e+01 6.196066656467379197e+00 3.022070001876565604e-01
-6.010313751463170817e+00 -1.101061832296538157e+01 1.425321269435792793e-01
1.222006787147309126e+01 -9.575178371154391410e-01 -9.095298561934062054e-01
-7.883923055654263656e+00 7.976937947155773756e+00 -1.049784754038812329e+00
-1.387560222039481239e+01 -1.792169478736976629e+00 9.092913510026587876e-01
1.036317885178412546e+01 -7.529577970525591191e+00 -1.289855423555678948e+00
1.165114133253386797e+01 -7.095054281037767474e+00 2.671773297317937002e-01
1.088952577539996724e+01 4.029098588249990343e+00 -1.482954977641275374e+00
-3.647539251953144657e+00 1.072859821718033402e+01 -1.968267410650186511e+00
5.105223885800215022e+00 -9.655865241565170010e+00 4.339721162331729998e-01
-1.134304542870180121e+01 2.546529321246098210e+00 -2.329733060725680538e+00
6.276823368925522395e+00 -8.747929399991049237e+00 -2.271781192633237634e+00
4.211815537026537548e+00 9.728220694786292810e+00 -1.048025122722988423e+00
-5.149377537359078438e+00 1.052002829461498834e+01 -4.994237120030936006e-01
-1.792870283889077987e+00 1.152300783626857772e+01 4.322680023615879663e-01
1.188179582108849175e+01 -5.913683836188218912e+00 -1.940359321712127549e+00
7.771961500636761500e+00 8.087490053353777242e+00 -9.956396145781468698e-01
-1.348988227710388443e+01 -2.011461826948261589e+00 -6.364066430039103661e-01
-1.270355725350035137e+01 -4.492193675148191012e+00 -2.720156685651784922e+00
1.738508730164225025e+00 -1.160874441504578591e+01 -4.237142737600608222e-01
1.168751439474291764e+01 2.909063756369913101e+00 -2.046839151886657326e+00
1.831611892727051938e+00 1.123460164996794042e+01 -2.344472564957669064e-02
-1.183724678695103627e+01 -5.457306696994812079e+00 -2.124326607838017633e+00
3.434077200260680751e+00 -1.102706791048295365e+01 -1.422419634362684038e+00
-9.388756818335702192e+00 6.195924271162608576e+00 -1.261424700516778685e+00
-2.692875273609670828e+00 -1.100262193222850371e+01 -1.368033001021367490e+00
1.223742055927163186e+01 -1.775613945276981243e+00 -3.053937464855704054e+00
8.468941257086148866e+00 -7.996249844286013264e+00 -6.077499803658714672e-01
8.562811424048977216e+00 -8.103448492395147085e+00 -2.438732593279866023e+00
-1.086171130318315470e+01 -7.287501298875777245e+00 -3.168237836846964584e+00
4.880772181171899149e+00 -9.533345198713091051e+00 -4.254900120078829673e+00
5.021433761569734422e+00 9.312493560210874932e+00 -2.002012136409540677e+00
-1.240906788934131377e+01 -5.903672200619115573e-01 -2.743937829788045679e+00
-6.064115863108342275e+00 -1.006733816664174164e+01 -2.357920913773379645e+00
7.352522235683182084e-01 1.046096546660421467e+01 -3.375136069370554104e+00
-5.316559226795606108e+00 9.544018800253082802e+00 -3.377597225107707768e+00
-1.145450603015926028e+01 -4.358781236955117322e+00 -4.449788351038149514e+00
3.504436506664082795e+00 9.597174433706763708e+00 -3.170387045296934492e+00
8.552753677360078299e+00 -8.041729360209767918e+00 -4.806105770473465988e+00
-1.068558745722560666e+01 -6.765067780325545677e+00 -4.145687570988211945e+00
-7.497621968464165398e+00 -8.314136589961742985e+00 -5.237500430600587009e+00
9.681017746469631646e+00 -7.849789225900377865e+00 -4.202075005223926851e+00
-1.093882668613268327e+00 1.055486011822643633e+01 -3.630790067806544119e+00
-9.073913579567189913e+00 5.214901106124155916e+00 -4.362373595552002215e+00
1.622216740330201912e+00 -1.045438310877108812e+01 -2.698017369453933778e+00
-6.751406619759040773e+00 8.235639417816102537e+00 -3.198906419852380001e+00
-3.781192326802203407e+00 -9.499099748200990234e+00 -3.660830305473699031e+00
1.171660313324615998e+01 -1.005352852458535340e+00 -4.958571685236325521e+00
8.193537414065406921e+00 6.401368791100184197e+00 -3.943344314379984006e+00
6.794800767475829950e+00 -8.358433759296900689e+00 -5.349662575741750636e+00
5.027496635066528441e+00 7.712770042158231476e+00 -4.779021099521984617e+00
-3.096074320368189525e+00 9.701539281918583058e+00 -5.079585270026903743e+00
-6.751907106002388304e+00 6.960982314412310856e+00 -5.720213437234657583e+00
-1.008292548871593119e+01 3.543794088945814380e+00 -5.316794509012488845e+00
-2.085117752348375486e+00 -7.333238166009791392e+00 -6.302346926027522223e+00
7.974903188144851995e+00 -7.211876931168408333e+00 -6.086505091432569792e+00
1.047370108221806539e+01 3.259719910515219254e+00 -5.179305138035354972e+00
-9.784279987517335853e-01 -9.604511226788511991e+00 -3.987595036089142564e+00
-1.102012969557076438e+01 3.752299276567403474e-01 -5.462717295102246240e+00
-7.838246161641625243e+00 5.403833973739180507e+00 -6.572433211191625269e+00
1.071123510713600879e+01 -4.473888366059228794e+00 -5.484457760175856400e+00
1.025763238326028137e+01 -3.285669472382262146e-01 -6.863387876606588556e+00
-8.320180036074537711e+00 -6.467013714762559928e+00 -7.112357743455304693e+00
8.659086866032927432e+00 2.973710917011963772e+00 -6.729678565872964313e+00
7.445533844323461992e+00 5.860329336218200069e+00 -5.237872764495913103e+00
3.438470245661173763e+00 7.731614048694223307e+00 -5.349478948609014850e+00
3.211678641579301940e-01 8.877278580359106996e+00 -5.620296139475954966e+00
-1.102155765670012322e+01 -1.494280800310413326e+00 -6.087921288675340215e+00
4.331053421668666914e+00 -6.330175481079908018e+00 -6.692626784173985044e+00
8.822348906277362346e+00 -4.410653220041931277e+00 -7.186368037169195588e+00
6.911783852505805292e+00 2.661595444540080457e+00 -7.596770544869646535e+00
-5.604834383140850917e+00 8.013267549178316074e+00 -5.392247746785346685e+00
-9.388492108251027091e+00 3.985898393819335084e+00 -6.003832185679841338e+00
-9.090907423467550430e+00 2.384655245005920854e+00 -7.984472898240319694e+00
-5.993246589609818820e+00 -8.011229969428276476e+00 -6.061648061531446530e+00
3.390580092018685043e+00 -8.069349420329325895e+00 -5.556389031784604526e+00
6.166760940458330786e+00 -5.769858859673199447e+00 -7.191122574888962227e+00
-1.428791670274810688e+00 8.138324972953451919e+00 -6.690209328304304037e+00
-4.273370757681289156e+00 -6.912813951620581321e+00 -7.094302276189504042e+00
8.969208848704655068e+00 1.925330194985085397e+00 -7.043972088152501421e+00
6.791065063841204008e+00 -3.383056616813858941e+00 -7.629249785685480845e+00
-3.495692936772767379e+00 7.945390248048679105e+00 -6.363147244771798938e+00
8.903795415263997981e+00 -6.049957386801888548e-01 -7.772443477468246265e+00
3.841040696112262509e+00 5.963514248433809506e+00 -6.414060535716584965e+00
6.038147221792296904e+00 4.762026770123691577e+00 -6.872086921116574487e+00
-8.987768579492774634e+00 -8.925777689958473982e-01 -8.318151186508792705e+00
-6.867946854232030773e+00 -6.071587660903174921e+00 -7.991783946745655953e+00
1.155909452166951290e+00 -7.195266060763801264e+00 -6.156983577171627253e+00
-7.246657960111472008e+00 -3.482113791005525538e+00 -8.625796515539754239e+00
7.714968537457452591e+00 2.126909799748672170e-01 -8.063260010674433431e+00
-4.348893181528501906e+00 -5.759961031919193175e+00 -8.058816936678182330e+00
-5.004933419869469269e+00 -4.652116822802707219e+00 -8.634697720727627868e+00
3.431528749654694899e+00 -4.578672493154388512e+00 -7.266637323468189358e+00
4.127059072939212925e+00 4.099132569148770777e+00 -7.088395603778359977e+00
2.934301570454054264e+00 5.004140497255820108e+00 -6.834365828646997265e+00
-1.342996246942579575e+00 6.421680434394094306e+00 -7.558256057940006656e+00
-7.522491524817299435e+00 1.429722827391673778e+00 -9.111978777939345520e+00
-3.418464231665434117e+00 6.077983963537224810e+00 -7.544004426521949469e+00
-5.610133265595131924e+00 4.428233407613116235e+00 -8.556900148638053594e+00
-5.474631464321869423e+00 5.846502685713354630e+00 -7.776932619215354947e+00
-1.012686436859614458e+00 -5.588059501440267418e+00 -7.792689473604178296e+00
1.804405480594327482e+00 6.873944932886517201e+00 -6.436654779178510033e+00
-7.289352150678171327e+00 3.662853751097155275e+00 -8.318052429654805735e+00
5.394571015143301729e+00 2.152770663604424151e+00 -7.828991444777239295e+00
-6.868577752919838630e+00 -1.526490004756924312e+00 -8.966817850722128114e+00
-3.512125165547330230e+00 -3.543848773873611080e+00 -8.672359265277870932e+00
-5.561639245398975362e+00 -3.227401236931624506e+00 -9.170529555616527162e+00
3.619547376172012054e+00 1.590936983511911818e+00 -7.835682426365075059e+00
1.738545400927630435e+00 4.114741395946825975e+00 -7.424396277777196573e+00
-5.242875528219709480e+00 -4.739957866600817415e-01 -9.346221119632955876e+00
5.450919749349337096e+00 -1.085990179773079323e+00 -7.847133733972987635e+00
-4.756282516920633974e+00 2.805722798944854102e+00 -9.569680732890230246e+00
-1.505619240699699324e+00 -3.833929183372024152e+00 -8.597632802221939485e+00
-2.632376062309884190e+00 4.082589038939094195e+00 -8.786315991078243570e+00
-3.322085958370142755e+00 -1.314379299682258972e+00 -9.216522617453801303e+00
-3.460839544104863830e+00 1.801528208697954936e+00 -8.966640218064672041e+00
-6.176302099248867084e-01 3.162892851357238300e+00 -8.411075607298309720e+00
1.225697778249696529e-01 1.024973642591340932e-02 -8.381079244238605952e+00
-3.536137939981147227e+00 4.380176818973899322e-02 -8.944313457301232617e+00
4.138396962938871715e-01 -3.774985516036623689e+00 -8.407587777350210345e+00
3.785211981544981619e+00 -2.974503020179908752e+00 -7.376225330162328397e+00
-1.341507173760158045e+00 -1.430597124076709914e+00 -8.893361341495502614e+00
-8.722515065200800999e-01 -4.868011985714824214e-03 -8.117423987436470867e+00
