# 500
# Index of vertices defining each facet
1 7 0
2 1 0
3 7 1
4 1 2
4 6 1
1 6 3
7 8 0
0 5 2
3 9 7
10 9 3
3 13 10
2 17 4
7 12 8
5 17 2
8 26 0
26 5 0
7 19 12
6 23 3
4 22 6
5 15 17
14 13 3
11 23 6
10 16 9
17 20 4
6 22 11
23 14 3
7 9 19
13 27 10
42 26 8
26 33 5
23 24 14
12 42 8
24 28 14
25 13 14
27 16 10
15 21 17
20 22 4
21 20 17
33 18 5
20 34 22
11 31 23
19 36 12
29 19 9
5 18 15
22 31 11
61 33 26
16 29 9
42 52 26
31 41 23
23 41 24
15 18 21
21 30 20
28 25 14
13 38 27
22 56 31
18 30 21
36 42 12
34 56 22
25 38 13
33 49 18
30 34 20
32 29 16
52 61 26
31 40 41
41 39 24
27 46 16
38 46 27
35 19 29
39 28 24
35 36 19
48 30 18
45 46 38
28 37 25
49 48 18
36 51 42
37 38 25
39 37 28
30 48 54
30 72 34
35 43 36
34 72 56
29 47 35
16 46 32
47 43 35
32 47 29
51 44 42
57 67 41
61 63 33
40 57 41
39 62 37
36 43 51
33 63 49
56 40 31
67 39 41
50 32 46
44 52 42
38 55 45
45 50 46
52 59 61
54 64 30
67 82 39
53 47 32
50 53 32
62 70 37
37 55 38
47 78 43
82 62 39
53 74 47
71 54 48
64 72 30
47 74 78
78 66 43
49 71 48
79 37 70
79 55 37
44 76 83
52 58 59
61 60 63
40 56 65
65 57 40
66 51 43
75 74 53
44 83 52
64 88 72
55 77 45
45 73 50
73 69 50
50 69 53
59 60 61
49 68 71
72 65 56
57 65 67
51 76 44
80 82 67
69 75 53
79 87 55
96 74 75
83 58 52
68 49 63
92 88 64
62 86 70
96 81 74
72 109 65
86 62 82
86 85 70
66 76 51
58 84 59
70 85 79
81 78 74
88 109 72
65 80 67
45 77 73
78 93 66
59 106 60
91 54 71
69 96 75
63 101 68
80 86 82
87 77 55
84 106 59
86 89 85
60 94 63
64 98 92
76 107 83
68 90 71
54 98 64
83 111 58
63 94 101
98 97 92
85 115 79
102 87 79
58 111 84
79 115 102
96 100 81
109 126 65
89 118 85
87 102 77
95 96 69
78 81 93
91 98 54
80 104 86
126 80 65
101 90 68
71 90 91
85 99 115
77 121 73
106 103 60
60 103 94
118 99 85
95 100 96
93 122 66
66 122 105
91 133 98
92 108 88
73 120 69
120 95 69
66 105 76
105 150 76
83 107 111
84 110 106
150 107 76
77 127 121
121 120 73
101 112 90
97 108 92
145 93 81
104 89 86
102 127 77
120 116 95
97 124 108
80 148 104
112 113 90
88 130 109
100 145 81
145 122 93
107 143 111
84 142 110
110 103 106
94 129 101
108 125 88
156 99 118
125 130 88
104 138 89
114 133 91
98 117 97
99 135 115
111 142 84
90 114 91
89 138 118
90 113 114
109 130 126
126 148 80
115 135 102
97 117 124
102 135 127
116 100 95
135 144 127
98 133 117
123 145 100
94 128 129
135 99 134
143 142 111
129 112 101
114 146 133
124 125 108
121 131 120
122 141 105
103 128 94
113 119 114
104 152 138
103 132 128
105 141 150
148 152 104
156 134 99
100 136 123
143 137 142
113 112 119
114 161 146
136 100 116
150 143 107
110 132 103
117 133 146
124 158 125
130 154 126
127 131 121
142 132 110
131 116 120
160 141 122
132 153 128
130 125 162
126 154 148
118 140 156
145 160 122
139 112 129
140 118 138
116 149 136
153 139 129
154 186 148
112 139 119
117 147 124
132 174 153
129 128 153
114 119 161
146 147 117
147 151 124
150 163 143
151 158 124
138 159 140
148 173 152
127 155 131
131 149 116
156 157 134
138 152 159
144 155 127
177 145 123
164 132 142
153 172 139
130 162 154
145 177 160
186 173 148
166 150 141
139 161 119
134 144 135
131 155 149
171 137 143
162 175 154
136 177 123
160 166 141
164 174 132
147 168 151
158 169 125
169 162 125
174 172 153
146 161 147
150 166 163
143 163 171
137 164 142
175 186 154
157 170 134
151 168 158
165 168 147
156 140 157
144 189 155
149 185 136
170 144 134
161 165 147
167 170 157
155 176 149
139 172 182
159 157 140
173 159 152
162 169 203
203 175 162
185 177 136
171 180 137
170 189 144
149 176 185
179 160 177
187 196 161
168 169 158
182 187 139
161 139 187
204 159 173
180 164 137
164 200 174
174 181 172
157 178 167
160 179 166
172 201 182
196 165 161
159 178 157
189 176 155
180 200 164
167 184 170
184 189 170
200 181 174
168 191 169
165 191 168
177 193 179
171 163 195
195 180 171
172 188 201
203 207 175
179 194 166
166 195 163
194 195 166
185 192 177
177 192 193
181 188 172
175 183 186
167 178 184
165 196 191
184 198 189
204 178 159
176 190 185
206 210 180
210 200 180
178 197 184
206 180 195
173 216 204
189 198 176
207 183 175
198 190 176
182 202 187
192 199 193
201 202 182
186 216 173
199 213 193
187 214 196
169 191 203
204 197 178
190 208 185
197 205 184
208 192 185
214 191 196
184 205 198
194 230 195
181 200 228
213 179 193
202 214 187
198 211 190
179 213 212
203 215 207
179 212 194
191 215 203
211 208 190
188 231 201
194 212 230
230 206 195
228 188 181
201 231 202
191 217 215
209 211 198
215 219 207
205 209 198
183 216 186
206 224 210
183 229 216
226 228 200
228 227 188
216 197 204
188 227 231
197 221 205
210 226 200
214 217 191
210 224 226
216 221 197
207 229 183
211 218 208
218 199 208
208 199 192
230 224 206
209 218 211
225 214 202
212 223 230
222 212 213
232 222 213
225 233 214
233 217 214
220 215 217
220 219 215
222 223 212
221 209 205
209 239 218
219 229 207
218 232 199
221 249 209
199 232 213
239 232 218
231 225 202
217 235 220
216 248 221
226 242 228
249 239 209
217 233 235
240 225 231
238 233 225
234 229 219
224 242 226
227 240 231
229 248 216
234 220 235
220 234 219
223 237 230
240 238 225
232 236 222
237 224 230
224 245 242
239 236 232
238 235 233
228 242 227
222 237 223
229 234 241
222 236 237
237 245 224
242 240 227
244 238 240
235 243 234
238 243 235
244 247 238
229 241 248
247 243 238
248 249 221
242 244 240
245 244 242
236 246 237
249 236 239
246 245 237
243 241 234
243 250 241
241 250 248
245 251 244
243 251 250
246 249 248
246 251 245
250 246 248
247 251 243
244 251 247
246 236 249
251 246 250
